insertion;0.000100;10000;6741;1
insertion;0.000100;10000;10000;0
insertion;0.000100;10000;10000;0
insertion;0.000100;10000;9155;1
insertion;0.000100;10000;5785;1
insertion;0.000100;10000;6054;1
insertion;0.000100;10000;6773;1
insertion;0.000100;10000;6129;2
insertion;0.000100;10000;6791;1
insertion;0.000100;10000;5868;1
bubble;0.000100;10000;10000;0
bubble;0.000100;10000;10000;0
bubble;0.000100;10000;10000;0
bubble;0.000100;10000;10000;0
bubble;0.000100;10000;10000;0
bubble;0.000100;10000;10000;0
bubble;0.000100;10000;10000;0
bubble;0.000100;10000;10000;0
bubble;0.000100;10000;10000;0
bubble;0.000100;10000;10000;0
merge;0.000100;10000;5244;7
merge;0.000100;10000;2885;9
merge;0.000100;10000;4730;5
merge;0.000100;10000;3242;3
merge;0.000100;10000;2478;7
merge;0.000100;10000;2752;11
merge;0.000100;10000;2679;8
merge;0.000100;10000;2609;9
merge;0.000100;10000;5550;7
merge;0.000100;10000;3617;6
quick;0.000100;10000;1403;13
quick;0.000100;10000;1783;18
quick;0.000100;10000;2609;22
quick;0.000100;10000;1513;17
quick;0.000100;10000;1602;17
quick;0.000100;10000;2161;10
quick;0.000100;10000;2883;11
quick;0.000100;10000;2050;15
quick;0.000100;10000;1862;13
quick;0.000100;10000;1901;19
