insertion;0.001000;10000;7753;1
insertion;0.001000;10000;3333;6
insertion;0.001000;10000;6203;3
insertion;0.001000;10000;5102;3
insertion;0.001000;10000;2792;7
insertion;0.001000;10000;3510;6
insertion;0.001000;10000;3309;8
insertion;0.001000;10000;5270;3
insertion;0.001000;10000;6363;2
insertion;0.001000;10000;8573;3
bubble;0.001000;10000;10000;0
bubble;0.001000;10000;6621;4
bubble;0.001000;10000;7226;1
bubble;0.001000;10000;5425;5
bubble;0.001000;10000;6453;5
bubble;0.001000;10000;5149;3
bubble;0.001000;10000;7578;3
bubble;0.001000;10000;5984;2
bubble;0.001000;10000;6175;3
bubble;0.001000;10000;5205;5
merge;0.001000;10000;713;59
merge;0.001000;10000;1223;53
merge;0.001000;10000;1304;51
merge;0.001000;10000;765;67
merge;0.001000;10000;831;52
merge;0.001000;10000;762;65
merge;0.001000;10000;801;47
merge;0.001000;10000;857;58
merge;0.001000;10000;832;61
merge;0.001000;10000;608;57
quick;0.001000;10000;351;104
quick;0.001000;10000;365;129
quick;0.001000;10000;362;125
quick;0.001000;10000;330;109
quick;0.001000;10000;464;132
quick;0.001000;10000;493;89
quick;0.001000;10000;548;115
quick;0.001000;10000;481;117
quick;0.001000;10000;661;109
quick;0.001000;10000;400;102
