insertion;0.010000;10000;703;43
insertion;0.010000;10000;873;33
insertion;0.010000;10000;810;47
insertion;0.010000;10000;1191;39
insertion;0.010000;10000;1217;35
insertion;0.010000;10000;551;57
insertion;0.010000;10000;843;41
insertion;0.010000;10000;698;34
insertion;0.010000;10000;1181;37
insertion;0.010000;10000;915;43
bubble;0.010000;10000;1436;37
bubble;0.010000;10000;1197;38
bubble;0.010000;10000;1829;34
bubble;0.010000;10000;1544;40
bubble;0.010000;10000;673;57
bubble;0.010000;10000;546;46
bubble;0.010000;10000;619;51
bubble;0.010000;10000;1155;35
bubble;0.010000;10000;859;41
bubble;0.010000;10000;1014;35
merge;0.010000;10000;110;516
merge;0.010000;10000;119;540
merge;0.010000;10000;116;544
merge;0.010000;10000;141;528
merge;0.010000;10000;162;540
merge;0.010000;10000;129;555
merge;0.010000;10000;200;519
merge;0.010000;10000;129;504
merge;0.010000;10000;136;551
merge;0.010000;10000;145;498
quick;0.010000;10000;87;674
quick;0.010000;10000;91;649
quick;0.010000;10000;88;658
quick;0.010000;10000;74;662
quick;0.010000;10000;79;648
quick;0.010000;10000;98;662
quick;0.010000;10000;93;647
quick;0.010000;10000;92;700
quick;0.010000;10000;76;686
quick;0.010000;10000;98;650
